============= 인접행렬 테스트케이스

5
0 2 2 5 9
2 0 3 4 8
2 3 0 7 6
5 4 7 0 5
9 8 6 5 0

output==> 8

4
0 94 53 16 
79 0 24 18 
91 80 0 98 
26 51 92 0

output==> 16

6
0 3 5 0 0 0
0 0 2 6 0 0
0 1 0 4 6 0
0 0 0 0 2 3
3 0 0 0 0 6
0 0 0 0 0 0

output==> 12


6
0 3 5 0 3 0
3 0 2 6 0 0
5 2 0 4 6 0
0 6 4 0 2 3
3 0 6 2 0 6
0 0 0 3 6 0

output==> 8

7
0   2   8   5   9  15  20
2   0   5   4   7  10  16
8   5   0   7   6   4  10
5   4   7   0  15   8   9
9   7   6  15   0  11  13
15 10   4   8  11   0   6
20 16  10   9  13   6   0

output==> 14

10
0 4 6 0 0 0 0 0 0 0
0 0 0 9 8 0 0 0 0 0
0 3 0 0 2 3 0 0 0 0
0 0 0 0 0 0 6 0 0 0
0 0 0 2 0 1 3 7 0 0 
0 0 0 0 0 0 0 4 8 0
0 0 0 0 0 0 0 0 0 13
0 0 0 0 0 0 0 0 0 9
0 0 0 0 0 0 0 0 0 4
0 0 0 0 0 0 0 0 0 0


output ==> 21

============= 인접리스트 테스트케이스 
10 17
0 1 4
0 2 6
1 3 9
1 4 8
2 1 3
2 4 2
2 5 3
3 6 6
4 3 2
4 5 1
4 6 3
4 7 7
5 7 4
5 8 8
6 9 13
7 9 9
8 9 4

output ==>21